File ADT# Time#1   Time#2   Time#3   Ignore
File1 1   0.065     0.064     0.063     0      
File2 1   33.323     33.321     33.312     0      
File3 1   0.05     0.047     0.047     0      
File4 1   18.261     18.26     18.26     0      
File1 2   0.053     0.048     0.047     0      
File2 2   180.326     180.198     180.325     0      
File3 2   0.072     0.058     0.059     0      
File4 2   90.185     90.63     90.604     0      
File1 3   0.04     0.04     0.04     0      
File2 3   0.042     0.038     0.038     0      
File3 3   0.044     0.037     0.038     0      
File4 3   0.04     0.04     0.039     0      
File1 4   0.054     0.055     0.055     0      
File2 4   0.045     0.045     0.045     0      
File3 4   0.045     0.045     0.044     0      
File4 4   0.05     0.047     0.047     0      
File1 5   0.048     0.042     0.041     0      
File2 5   0.044     0.04     0.04     0      
File3 5   0.044     0.04     0.04     0      
File4 5   0.042     0.042     0.042     0      
File1 6   0.198     0.197     0.192     0      
File2 6   0.141     0.136     0.142     0      
File3 6   0.167     0.159     0.169     0      
File4 6   0.207     0.207     0.208     0      
